$mult.test
          Beta-hat    kappa        p-val
Skewness  5.286322 140.9686 2.848232e-09
Kurtosis 53.119774   3.3048 9.504421e-04

$Dsq
  [1]  7.7312614 11.2278326  5.4829005  6.0195531  7.0296503  4.5940300
  [7]  6.5236956  5.2039484  5.0978738  5.9778778  5.3747441  4.4762648
 [13]  4.9714569  8.7506154  8.5052858  3.8646338  9.4898589  6.0848563
 [19]  3.3626915  2.6457824  2.8616430  6.0188141  2.3193539  2.4050840
 [25] 13.0840352  6.8626504  4.5333007  5.3978110  2.6025976  2.9154735
 [31]  4.2183840  2.7691210  2.5412324  2.3231741  1.1885111  8.2318990
 [37] 19.6855754 11.2764057  3.1887712 12.1640092  5.4031506  0.8826645
 [43]  1.0270567  3.0727347  1.9671593 11.3568445 14.5219100  9.6562531
 [49]  3.5889375  1.7107734  2.3236506  6.8085045 17.0804676  5.3536962
 [55]  3.8195329  2.6834408  9.4435714  5.0843057 23.6910339  2.7892458
 [61]  0.2839521  3.7917441  4.2852466  2.8079050  2.1315294  5.4799233
 [67]  4.1016940  1.1710572  1.4861925  5.1882688  2.4613094 12.8703123
 [73]  7.0512450  2.5138981  5.0307224  3.1374223  3.5492528  1.8186416
 [79]  3.2723487  8.1887328  2.8708258  6.9047442  4.7792422 10.3500285
 [85]  6.0524519 12.4052584  1.5318077  1.5810427  5.7809288  4.4284748
 [91]  2.5182822  3.2543102  1.3880150  4.4146047  5.0113365  4.2433871
 [97]  7.2019760  3.5322930 10.3043197  4.1412324  4.2603431  2.8472141
[103]  4.3552645  3.5773652  3.9043925  7.7187963 13.6706636 11.0493444
[109]  1.4224475  9.0842208  3.1378316  3.7425332  4.7074316  1.0569157
[115]  3.2560032  7.8113317  7.8363344  6.4168690  2.1046186  5.4376030
[121]  2.6322296  4.9645166  2.7224857  7.5434030 12.1917841 11.5665919
[127]  2.9035866  9.9775941 14.8858782  4.6339852  4.2028300  3.8278664
[133]  3.9533605 10.2801328  3.0077088  3.2347169 14.3375697  8.4726574
[139]  5.6211711  9.9875894  4.1135668  2.0185496  1.6284039  3.1007588
[145]  6.4979900  7.5803227  8.4009195  9.0937079  2.9717622  6.0385844
[151]  8.6712186  5.8930815  9.9470689  7.4639411  9.5377928  5.3082052
[157] 10.9663639 10.0740627  4.5713540 27.1936094

$CriticalDsq
[1] 18.54758

