$mult.test
          Beta-hat      kappa        p-val
Skewness  6.539766 163.494160 1.852962e-12
Kurtosis 58.423825   6.514891 7.274248e-11

$Dsq
  [1]  5.6654712  6.4601933  5.8229849  4.6094533  5.5368017  5.4052653
  [7]  6.1392535  4.5729061  4.4140044  4.5656560  6.0326554  4.8345087
 [13]  8.6047659  7.3927844 10.6178527  5.0316449  4.0746538  3.3748798
 [19]  4.2263704  4.0117225  4.5146499  3.0329642 15.3363670  2.9240565
 [25]  2.2720881  2.6515655  2.3455137  4.1815437  4.7770801  1.6573709
 [31]  1.8543705  5.1169361  4.1722626  2.9039054  1.8044249 19.7398756
 [37]  6.8066914  1.5041806  3.4329419  2.7264826  2.1908860  8.2567235
 [43]  3.9161173 10.1439376  0.9559000  5.1270718  1.3481914 10.7513018
 [49]  1.3794284  2.2018559  3.8863439  2.8680646  6.2764526  1.0725917
 [55]  4.6373446  1.6509175 19.0500994  7.0414330  1.9557482  9.8979282
 [61]  5.5088996  4.1541222  6.3017221  3.1958932  4.4181005  2.4141708
 [67]  3.3919403  1.3144247  0.8855132  3.0240206  5.6876507  1.0340836
 [73]  2.8496504 14.5756835  2.7321376  5.7529316 14.9801609 10.2007908
 [79]  0.9757962  1.1666489  1.0459141  2.6965804  4.0415070 11.0762105
 [85]  4.3710244  1.0738406  6.7703453  0.9977421 16.0700618  5.1826305
 [91]  7.7701459  3.0439950  0.7974370 10.3888610  4.7581369  1.1935356
 [97]  3.4124314  1.1925610  6.4659642  9.5377119 13.0222218  9.3883116
[103]  0.9575002 22.3044948 15.9178520  3.3939880  2.2021798  9.4151236
[109]  2.8228792  3.8481008  6.6414165  1.0390916 16.3109895  6.4389690
[115]  3.1011182  3.9765638  5.0347437  4.4870686  7.8099916  2.8085271
[121]  9.0858252  5.1367406  1.4647866 27.0397406 11.1037456  7.8772341
[127] 23.7239528  2.3144371  2.1934077  3.6153770  4.0492910 12.5080350
[133]  1.5957261 15.5424586  5.0568024  9.3878981  4.4023762  6.5469172
[139] 14.2558338  8.0718741  7.7345635  3.5996742 10.0906680  6.8438929
[145]  6.2506493  6.0749897 10.6490192  4.3531100  6.4665810  9.8348456

$CriticalDsq
[1] 18.54758

