$mult.test
          Beta-hat       kappa        p-val
Skewness  5.336616 137.8625695 0.0001937046
Kurtosis 62.361266  -0.3542182 0.7231753514

$Dsq
  [1]  8.7541736  9.2831984  7.8832871  6.8961837  5.2246671  6.3647246  5.2144524  5.8126004  6.4171003
 [10]  5.0887816  9.9712111  4.0868595  9.8454510  7.4832860  5.9297780  8.5736389  4.1795810  4.0457884
 [19]  2.7977393  4.6180089  5.4690274  6.0192033  5.4434231  4.3971634  4.8812366  3.4049055  3.6641434
 [28]  2.3470962  4.6580262  9.4391799  7.7297175  7.3057010  7.6958670  5.5605250  2.8243586  2.2224813
 [37]  3.9487284  4.1270998  4.3527930  6.3214092  6.6298181  6.4630108  4.4772624  8.4568363  8.9964547
 [46]  2.9936510  2.4735738 10.3017781 12.3648048  4.3889913  4.5158883  8.5237851  9.7355618  9.1483777
 [55]  4.1107772  2.5111860  3.9690774 11.5578755  5.7879583  0.7541974  3.5357112 11.6838707  9.5253367
 [64]  6.8963976  3.5070266  6.1261551 12.9311781 11.0026291  4.6615548  5.1761615  4.7887347  8.3150373
 [73]  9.8724516  0.6449344  6.0114858  4.8423133  6.9879424  6.5144098  8.8994875  3.1016210  6.8374896
 [82]  4.0023373  5.8308954  8.9900954  3.3145922  5.0433510  7.6083582  6.1338655 13.0187897  2.9518735
 [91]  8.3612049  6.6435448  4.3168766  4.6107557  7.2305886  2.7421675 16.4857980 13.3229182  6.5052296
[100]  1.4327242  4.6180151 13.3744844 10.0070700  5.2758626  2.6619033  6.1566430  4.3165942 11.2433707
[109]  3.0588413  9.1955225  5.0936872  6.6492655  3.2057401  7.1614164  6.9952258 13.1872239  1.8049144
[118] 19.1541223  4.5932217  4.0195303  6.1756595  4.8907860  4.2484944  4.5721745  8.7781528  7.9778534
[127]  4.3304313  5.2505417  3.5252008 10.4607248  6.2227140  7.4422768  2.9103272  4.7838495  5.7001384
[136]  6.9676827 10.3832078 13.2993003  6.2627085 13.2734493  3.3500853  9.8703223  5.8997789  6.2434343
[145]  9.0555569  9.7817879 11.5921283 13.9127665 22.6833657 21.3839337 10.0442419 13.8450506 10.0352440
[154]  5.5134518 16.3223209

$CriticalDsq
[1] 20.27774

