$mult.test
          Beta-hat      kappa        p-val
Skewness  4.477528 119.400741 1.731590e-06
Kurtosis 51.264485   2.107216 3.509887e-02

$Dsq
  [1]  7.2574187 10.2680271  6.2292927  5.6446506  7.1339552  5.9104254
  [7]  5.7209081  6.8726430  4.3696116  7.8306157  4.6885196  4.6831163
 [13]  5.2804313  5.5950533  6.1178890  4.3938161  4.4534608  8.5373253
 [19]  3.9327020  5.1679968  3.5622064  5.1996343 10.1908499  4.0374966
 [25]  3.0432832  4.1534766  4.2898022  6.4806255  3.7906814  7.5113378
 [31]  5.1992342  3.0232432  3.8965685  4.4323154  7.2401336  5.3824997
 [37]  6.3355180  2.8419095  4.5077062 17.0455881  3.5581265  3.2816429
 [43]  5.5944322  1.8613881  2.5793707  4.2736443  4.4402558  5.3781034
 [49]  1.9072817  4.9787172  1.2360958  3.9658443  4.3835976  4.5047219
 [55]  5.5127057  7.5850415  7.5211887  3.9856460  0.7652388  9.4631485
 [61]  4.0721901  1.7489978  6.0021036  1.2959784  1.5208987 11.7665546
 [67]  1.3841130  2.9158057  2.8858793  7.5635528  5.4866133  2.4864383
 [73]  1.3422281  4.4576654  3.6904219  4.3869284  2.8971011 11.9077752
 [79]  4.4383301  2.3457456  1.7707332  3.1096642  8.4989338  4.0305753
 [85]  1.6448531 11.5515820  5.6779387  2.5194217  4.9620145 16.9573486
 [91]  4.5070891  2.0405961  3.9249007  3.8972855  9.7976877 11.8219970
 [97]  4.5116835  4.2628932  6.8005043  2.0175784  2.5801674  6.2201758
[103]  5.3619396 19.5504182 10.3601353  0.6986968 11.7759240  7.7554187
[109]  0.7995925 10.3140266 16.8169559  6.9907935  1.5613982  3.8623308
[115]  5.5866061  7.9214663  3.7845974  1.6460645  4.6069508  3.5434990
[121]  3.8169098  7.0677997  6.9050265  7.3267587  4.4461041  2.1347717
[127] 12.3579321  3.5245562 11.6574376  6.2021008  4.3611564  6.4015517
[133]  5.9919585  4.7182326  3.3536300  9.4254690  4.5263899 14.9094037
[139]  5.4296843  6.5151146  4.7821920  4.7575513 15.9386372 11.6627932
[145] 27.6036259  2.6291446  5.9934386  7.8102167 11.3299662  3.7527612
[151]  6.6800170  4.1067405  4.6435861 16.6233330  8.8748271  4.0700865
[157]  6.4031291 13.9178970  5.9983006  5.6838479

$CriticalDsq
[1] 18.54758

