$mult.test
         Beta-hat      kappa p-val
Skewness 10.00734 258.523035     0
Kurtosis 79.23428   9.002927     0

$Dsq
  [1]  6.548527  8.759200  7.806981  5.680085 11.376472 10.491265  6.022123  6.249989  7.015867  8.428611
 [11]  4.267735  8.212160  6.344793  7.169333  7.640637  8.990490  5.120257  4.834147  4.193183  4.653037
 [21]  4.695438  4.704113  3.172307  6.686119  6.680182  4.165772  6.322035  6.717422  5.128573  8.669907
 [31]  4.245950  3.997086 19.343548  3.253645  1.550825  4.361125  4.782996  3.144317  4.946461  5.234001
 [41] 18.918670  6.575203 10.622612  7.516577  3.514784  6.635732  3.647052  4.050963  3.191363  3.736802
 [51]  3.558807  3.423039  2.649194  9.186631 18.891555  2.514861  5.048571  3.077158  6.400162 47.084719
 [61] 10.922937  8.629260  6.615827  6.486377 13.869476 12.089017  2.405757  8.548717  3.745267  4.652759
 [71]  2.669992  3.353225  1.445017  5.231911  2.923819  4.232204  2.847945  1.815727  3.364475  3.795752
 [81] 10.020928 12.983943 12.288926  9.962217 15.488872  6.830698  6.983664  6.819766  3.986754  6.911101
 [91]  9.195077 10.655529  2.340805  3.283026  4.615833 28.068669  6.700922  6.328328  4.801300  3.615274
[101]  5.854932  6.048007  4.251963  8.191893  3.166412  3.198370  3.825337  9.665734  9.792805  2.990525
[111]  9.230914  1.952213  3.043539  5.321386  6.715776 22.910360 10.360205  3.751839  2.551470  7.687577
[121]  5.637545  4.059019 13.256732  2.166300  1.766534  5.088088  2.928271  3.835391  3.687404  2.450041
[131]  3.029991  4.833128  6.732014  8.185438  5.995723  7.155576  2.111675  3.449029  5.405480  2.687974
[141]  4.536203  6.309355 10.131176  3.670551 18.544875  5.373962  3.949085  6.875220 11.996018  5.556892
[151] 12.720896  5.054339 15.100731 12.491677 27.076148

$CriticalDsq
[1] 20.27774

