$mult.test
          Beta-hat      kappa      p-val
Skewness  2.770949 73.8919865 0.05483826
Kurtosis 47.158005 -0.5435056 0.58678175

$Dsq
  [1]  6.2234443  5.8283945  4.9262396  5.1464986  6.3159089  4.4305021
  [7] 19.0536645 11.6904077  8.7453185  5.6758824  7.4437319  6.1014131
 [13]  4.0780539  5.3491485  3.6871512  4.8362876 10.8042355  4.4876292
 [19]  3.8693249  4.0381552  2.8348946  6.7572529  9.2655234 10.4685444
 [25]  3.1921098  5.1693801  3.6088838  4.5727702  3.2456817  6.5034848
 [31]  8.2174602  4.2901547  8.4316222  7.4188197  2.4973359  9.4276043
 [37]  4.4723958  3.5242490  2.5474301  9.3098607 13.8119237  0.9150427
 [43]  6.5986381  3.9525084  9.0200797  2.2571638 11.3514738  2.0458935
 [49]  5.0317851  2.8573098  3.4767071 11.9698363  2.3448520  1.8428711
 [55]  0.4341729  5.3147810  9.6104156  0.3139148  8.1808831  2.1568616
 [61]  4.1096076  4.9832253  6.8189380 15.6302098  4.9240564  3.8978598
 [67] 10.7286331  4.7587592  1.6301657  2.0115661  1.7545396  5.4371230
 [73]  7.1902910 14.7478965  6.5969652  2.1967817  2.2907601  1.5791648
 [79]  4.0123390  5.2318452  4.5008625 10.2928103  4.1915908 11.8384007
 [85] 12.6428011  0.7339161  3.9030078  2.2056738  8.7804594  4.2017363
 [91]  1.9171250  3.5982156  3.4982211  9.9163705  6.7052592  2.6842027
 [97]  1.2824854  2.8324155  2.1501848 10.2286760  9.5743300  9.2619005
[103]  5.8335490  4.7721016  1.7876445  5.8011370  1.5978086  7.8929863
[109]  4.0513322  7.7552429  5.9396076  5.9965509  6.2665049  1.8485012
[115]  4.0732426  3.6802457  2.6763038  9.4224140  7.3771840  2.8480906
[121]  8.1286692  4.4224028  6.4460386  3.2257842 15.0403817  2.4067606
[127]  4.8304185  5.8663916 11.5942649  4.5935491  2.8437034  3.7573507
[133]  3.2173248  7.6138305  5.8748172  8.1157921  9.6285629  6.0670442
[139]  3.3130129  5.2086150  3.6771507  9.7892524  9.6667722  3.0700129
[145]  5.5941686  7.1936925  6.2947143 12.3291940  3.3332278 10.7427115
[151]  6.2057547  4.6782338  5.4822317 10.9453561  8.3190390 10.3078010
[157]  8.2465472  7.0852124 10.2155226  9.5629057

$CriticalDsq
[1] 18.54758

