$mult.test
          Beta-hat      kappa     p-val
Skewness  3.987451 92.3759505 0.2492162
Kurtosis 64.021549  0.5364774 0.5916286

$Dsq
  [1]  5.9775979  6.2982869  8.9266934  5.2647057  8.5006775  6.1663668  4.2220468  6.3882218  6.6306818
 [10]  5.6650741  5.9612699  3.8657879  5.2152076  5.7333119  3.5174974  4.4549711  5.4435740  6.0603298
 [19] 12.0452508  6.7544452  6.2944656  2.3858229  8.3756186  4.5778831  3.6978089  4.4367412  6.4818833
 [28]  2.2720567  4.8764625  9.7125707  3.9995073  3.0046398  2.3833509 12.6450289  5.3791362 11.6808471
 [37]  3.5909673  3.7920793  7.3711198  5.7630015  5.8142891  2.3705891  8.6924913 10.1177548  8.0975230
 [46] 16.2173579  8.1907481  1.3522628 10.8230590  3.5953300  3.2496902  1.4679407  4.5741422  5.8606957
 [55] 18.7461623  7.6321589  5.1329974  7.3993462  4.0867831  5.6542639  4.6675416  4.1105506  0.8901255
 [64] 11.1661809  6.0378095  9.0882068 14.8052896  8.0184544  1.0917661  7.8620593  5.9983737  2.7622890
 [73]  1.9543319  8.0561095  6.0894737  7.9101964  2.5230191  3.5163419 11.0745966  2.5263094 15.2996564
 [82]  5.3378367  4.0636194  1.6490256  5.4600845  1.7733174  3.3311253  5.1313028  8.2226838  6.5513097
 [91]  4.3905174 18.1313947 11.0772640  6.7166624  6.2156201  3.5321063  9.2338325  9.8186003  5.4491281
[100] 11.5573166 10.6353532  1.8021186  7.2373173 15.4380310  8.2913099  4.6646760 15.6034285 14.0256587
[109]  5.3022684 13.4467231 15.3663144  8.2504861  2.3312879  4.6165492  5.4666371  7.2620010 10.4415254
[118]  7.3314643  4.7468385  2.1152470  8.5512394  3.1003158  4.9508409  5.0549341  8.7868948 10.4969815
[127]  5.0669136 14.3870783  7.3439872  2.7025607  7.3370791  6.5809111 21.6269596 14.7381246  7.4379378
[136]  7.1201281 12.2430683 10.9823607  5.1364436

$CriticalDsq
[1] 20.27774

